[2742]
[0.02406996 0.01759572 0.02617426 0.04227372 0.02349783 0.02041349
 0.02343466 0.02494609 0.0226475  0.02759288 0.02146569 0.0269843
 0.02105272 0.02355664 0.02302699 0.02431166 0.01371177 0.01453177
 0.00760569 0.01477578 0.0231026  0.02287406 0.02745518 0.0231062
 0.01449733 0.01655297 0.02421338 0.02406892 0.03073183 0.02880772
 0.03108645 0.02767867 0.01718211 0.02928073 0.03014939 0.02805443
 0.01956411 0.02776336 0.03074838 0.02875076 0.01386678 0.05892627
 0.04639595 0.03030544 0.0238521  0.02954601 0.03112626 0.02991507
 0.0139293  0.02612099 0.02254227 0.03022951 0.03453653 0.03499824
 0.02981094 0.03009108 0.01534259 0.01686908 0.01673669 0.02280025
 0.03092127 0.03549483 0.03173444 0.03073628 0.02002146 0.02052579
 0.02247085 0.02292645 0.03086914 0.03038031 0.0314041  0.03144386
 0.02468117 0.0235582  0.02816484 0.02810512 0.03083493 0.03238747
 0.030413   0.03020361 0.02512431 0.02401461 0.02350711 0.02999305
 0.03223825 0.03288123 0.03008612 0.02979247 0.02689346 0.02769048
 0.02873702 0.02783991 0.03260761 0.03144632 0.0304401  0.02953989]
