[44.50509821 45.         55.49147701 54.52596135]
[79.38034472 90.         90.         74.7448813 ]
0.032991964
2742
[38.56476374 37.25124966 37.47847419 38.79459516]
[-108.04801052 -108.04801052 -106.53483786 -106.53483786]
0.030055357
7805
[39.33034567 39.0072214  39.06411946 39.3873757 ]
[-107.29028389 -107.29028389 -106.91225103 -106.91225103]
0.021442918
7808
[51.20393553 53.17193519 48.345529   46.8825045 ]
[-58.78159724 -66.64443514 -70.50413949 -63.57747534]
0.018200954
5830
[48.9365601  49.5316755  49.69291603 49.09162198]
[19.92275044 20.36413885 19.46229284 19.03735938]
0.017400464
3204
